s = -2.3s=011e+000
  -1.0072e+001
  -3.0807e+000
  4.6390e+000
  6.3175e+000
  -4.5176e+000
  6.8851e+000
  -3.0947e-001
  8.1454e+000
  1.0222e+000
  2.3098e+000
  -3.5254e+000
  7.2220e+000
  8.8314e+000
  -1.6880e+000
  3.9419e+000
  -2.9112e-001
  -1.7441e+000
  8.1335e+000
  2.9941e-001
  -2.6363e+000
  6.5896e+000
  -4.8964e+000
  -9.1987e+000
  4.8051e+000
  1.7748e+000
  4.0679e-001
  1.8591e+000
  -2.2848e+000
  -4.0677e+000
  2.1658e+000
  3.9462e+000
  -1.6966e+000
  -4.3915e-001
  -2.5249e+000
  